      0.00       0.00       0.00       0.00       0.00       0.00       0.00       0.00       0.00       0.00       0.00       0.00       0.00       0.00       0.00       0.00       0.00       0.00       0.00       0.00       0.00       0.00       0.00       0.00
      0.00       1.00       1.00       0.90       0.30       0.00       0.00       0.00       0.00       0.00       3.30       2.80       2.00       4.80       4.20      34.50     489.10      35.40     462.30       0.60       0.00       0.00       0.00       0.00
      0.00       0.00       0.00       0.00       0.90       0.60       1.00       0.00       1.00      13.30      12.70      14.80       1.90       0.60       0.60     382.90     856.90    1856.00     472.80       0.00       0.00       0.00       0.00       0.00
      0.00       0.00       0.00       0.00       0.00       0.00       0.00       1.00       0.30       0.00       1.00       3.10      20.70      19.10     237.40    1470.50    3382.30    4011.10    1164.20     125.30       8.50       4.50       0.00       0.00
      0.00       0.00       0.00       0.00       0.00       0.00       0.00       0.00       1.60       1.90       1.00       2.20       2.30      21.20    1025.20    2757.00    7203.50    3998.70    1904.80     674.70       5.80       3.20       0.00       0.00
      0.00       0.00       0.00       0.00       0.00       0.00       0.00       0.00       0.00       0.60       0.30       0.30      72.40     433.70    2730.30    7294.60   10740.70    4123.50    1366.60      24.10      11.20      11.90       6.30       0.00
      0.00       0.00       0.00       0.00       0.00       0.90       0.00       0.00       0.00       0.00       0.00       2.50      69.80    2000.60    3280.80    4758.80    5750.70    3845.60     545.10     342.30     213.40     334.90     165.80       4.60
      0.00       0.00       0.00       0.00       0.00       0.00       0.00       0.30       0.00       0.30       0.00      33.00      49.00    1131.40    1540.20    2662.20     870.00    1816.90    1118.00     231.50     275.80     353.40     245.40     244.20
      0.00       0.00       0.00       0.00       0.00       0.00       0.00       0.60       0.00       1.00       2.30      42.70      12.90     843.70     569.10      95.50      71.90     383.30     707.30     149.10     150.40      33.90      26.10       2.40
      0.00       0.00       0.00       0.00       0.00       0.00       0.00       1.00       1.00       0.30       1.30       4.00       5.30      44.30      65.00      44.30      33.60      24.90     829.50      99.80      44.30      45.30      25.10       4.00
      0.00       0.00       0.00       0.00       0.00       0.00       0.30       1.00       2.20       2.30       2.00       1.00       1.30       5.60       4.40       0.00     107.80     110.20     511.90      19.00       5.80      24.30       7.00       0.00
      0.00       0.00       0.00       0.00       0.00       0.30       0.30       0.30       0.00       0.00       0.00       1.00       1.80       1.60       1.60       0.30      62.30      62.00     165.60       0.00       4.00      26.20      14.00     166.70
      0.00       0.00       0.00       0.00       0.00       0.90       0.00       0.00       0.30       1.00       1.00       0.60       1.00       1.00       1.60       0.60       1.20       0.30     130.40     160.70     153.70     150.30     165.10     163.50
      0.00       0.00       0.00       0.00       0.00       0.60       1.00       1.00       1.00       0.00       0.00       0.00       1.30       0.00       0.00       1.20       0.00       0.00       0.00       0.00       0.00       1.30       0.00       2.30
      0.00       0.00       0.00       0.00       0.00       0.00       1.00       1.60       0.00       0.00       0.00       0.00       1.00       0.00       0.00       1.00       0.00       0.00       0.00       0.00       0.00       1.20       3.00       0.00
      0.00       0.00       0.00       0.00       0.00       0.00       0.00       0.00       0.00       0.00       0.00       0.00       1.00       0.00       0.00       1.00       0.00       0.00       0.00       0.00       0.00       0.00       2.80       1.80
      0.00       0.00       0.00       0.00       0.00       0.00       0.00       0.00       0.00       0.00       0.00       0.00       1.00       0.00       0.00       0.00       0.90       0.00       0.00       0.00       0.00       0.00       0.00       0.30
      0.00       0.00       0.00       0.00       0.00       0.00       0.00       0.00       0.00       0.00       0.00       0.00       1.00       0.00       0.00       0.00       0.30       0.00       0.00       0.00       0.00       0.00       0.90       0.00
      0.00       0.00       0.00       0.00       0.00       0.00       0.00       0.00       0.00       0.00       0.00       0.00       1.00       0.00       0.00       0.00       1.00       0.00       0.00       0.00       0.00       1.00       0.00       0.00
      0.00       0.00       0.00       0.00       0.00       0.00       0.00       0.00       0.00       0.00       0.00       0.00       0.00       1.00       0.30       1.00       0.00       0.00       0.00       0.00       0.00       0.00       0.00       0.00
      0.00       0.00       0.00       0.00       0.00       0.00       0.00       0.00       0.00       0.00       0.00       0.00       0.00       1.00       0.90       0.00       0.00       0.00       0.00       0.00       0.00       0.00       0.00       0.00
      0.00       0.00       0.00       0.00       0.00       0.00       0.00       0.00       0.00       0.00       0.00       0.00       0.00       1.00       0.00       0.00       0.00       0.00       0.00       0.00       0.00       0.00       0.00       0.00
      0.00       0.00       0.00       0.00       0.00       0.00       0.00       0.00       0.00       0.00       0.00       0.00       1.00       1.00       0.00       0.90       0.00       0.00       0.00       0.00       0.00       0.00       0.00       0.00
      0.00       0.00       0.00       0.00       0.00       0.00       0.00       0.00       0.00       0.00       0.00       0.00       0.90       1.00       0.00       0.30       0.00       0.00       0.00       0.00       0.00       0.00       0.00       0.00
