      0.00       0.00       0.00       0.00       0.00       0.00       0.00       0.00       0.00       0.00       0.00       0.00       0.00       0.00       0.00       0.00       0.00       0.00       0.00       0.00       0.00       0.00       0.00       0.00
      0.00      80.20      80.40     132.80      62.70       5.90       8.70       5.60      22.60      85.90     289.80     376.20     166.60     458.10    1790.70    3012.20    2958.10     891.00    1145.50     342.00      20.00      13.40       7.00       5.60
      0.00       1.20       7.90      26.80     130.00     132.60     143.30       7.20      32.20      83.90      82.50     488.80     165.40    1192.00    1736.70    7450.30    5381.20    3941.50    1298.20    1417.90     189.00      17.50       5.90       4.20
      0.00       2.20       1.90      12.20       2.50       4.20      10.30     161.50     273.80     145.50      72.60     374.30     888.40    2173.40    5434.10    9423.80   10891.80    8481.20    2470.50    1902.40     594.30      91.60      10.40       7.10
      0.00       5.10       5.80       9.30       8.80      11.80      12.90      22.30     217.50     271.80     287.50     567.70     962.80    3938.60    7799.70   13701.50   13014.40    9940.10    6073.40    3884.00    1209.50     341.70      33.00       7.60
      0.00       5.80       0.30       2.90       2.80      12.50      17.80      27.10      47.30     235.30     272.30     324.20    1639.70    6395.80   11875.60   16159.20   15567.60   11639.40    7922.00    3054.00    1715.70    1095.60     528.60       7.20
      0.00       3.70       1.20       6.00       2.40       4.10      26.50      53.80      25.40      83.50     209.60     941.00    1650.10    9971.40   14759.50   16190.50   15093.00   10312.20    5490.00    3128.60    1798.20    1397.90     984.10     149.30
      0.00       0.60       4.80       5.50       5.80       7.50      39.60     140.00     116.00     132.20     166.40    1000.30    3820.50   11493.90   12701.70   13699.60    7519.50    6064.70    4198.30    1006.60    1477.00    3448.40    3147.20    3161.50
      0.00       1.60       3.90       3.70       2.50       2.20      63.90     363.00     344.70     426.50     622.50     773.70    3846.40    7374.70   10385.80    7516.30    4849.50    4828.30    4518.70    3317.00    3556.80    2092.70     482.00    3017.80
      0.00       3.90      13.40       3.70       3.70      12.80     126.40     184.30     184.50     105.70     187.00     867.50    1792.00    6217.20    8078.40    4853.70    3933.90    1517.70    1390.60     196.10     201.20     916.00     355.40     228.00
      0.00       4.50      15.20      47.80      61.70     107.90      84.90      34.00      84.80     171.60     229.40     732.30    1361.50    3239.10    4131.70    1765.00     645.20     348.80     651.50     100.00      88.60     801.50     295.70      81.00
      0.00       1.30      33.20      60.50      24.70      24.10      24.30      25.80      49.00      99.00     480.80     818.40    1137.90     995.60    1926.60    1067.80     306.50     248.50     510.40      45.90      73.40     764.10     445.50     288.40
      0.00       2.20      16.00       5.90      10.10      14.40       6.60      52.70     104.60     442.80     783.70     864.50     406.80     450.70    1252.20    1047.00     214.40     271.60     339.50     475.80     365.40     649.90     416.10     363.30
      0.00      14.10      12.20       2.90       1.80      10.50      16.90      62.70     170.70     481.60     886.50     417.40     378.60     234.90     737.00     771.30      56.70     199.10      46.50      36.90     106.50     477.10      86.20     174.00
      0.00       0.30       0.60       2.80       1.60      14.40      25.10      91.60      65.30     106.20      38.80      36.50     208.70      23.60      38.90     546.70     106.50     177.70      68.00      56.30     107.80     346.30     465.90     163.90
      0.00       0.00       0.90       2.50       1.20       5.00      51.20      29.00      33.10      49.60      40.00      50.90     192.40      27.60      47.00     445.50     138.10      99.20      40.80      30.70      86.60      28.30     277.70     234.10
      0.00       0.30       0.00       0.90       0.90      16.20      51.50       4.20       7.30      24.20      15.10      20.90      89.20       9.20      34.30     468.00     247.50     106.20      75.50      69.90      77.90      27.10      68.50     164.30
      0.00       1.00       1.00       6.00      10.10      45.60       5.00      10.80      21.20      27.20      23.90      22.00      97.30      36.30      38.80      85.80      61.30      46.00      26.50      24.60       8.20       6.80      34.70      70.90
      0.00       0.00       2.60       9.80      34.50      10.40       9.20       4.80       5.00      14.00       7.70       6.00      76.40       9.80      13.10      18.10      41.30      41.90      20.20      11.60      10.80       5.00      11.40      11.50
      0.00       1.90       3.50      10.90      32.60       1.20       2.00       3.20       4.20      15.80       7.00       5.70      17.10      21.00      12.30      41.20      20.50       9.40       1.50       2.20       1.50       1.20       6.70       1.50
      0.00       0.60       2.80      39.80       1.20       0.00       1.50       4.20       5.60       8.50      11.20       5.60       2.20      27.30      17.00      18.30      10.20       4.60       3.00       3.10       0.90       0.60       4.30       1.20
      0.00       1.90      29.80       9.10       0.60       0.00       1.30       2.50       1.00       3.70       7.90       5.40       7.90      14.60      10.20       2.00       4.10       2.70       1.90       1.50       0.90       1.20       2.20       1.90
      0.00      30.50       3.90       0.60       2.30       0.00       2.40       0.90       1.20       4.50       1.00      14.50      15.20      17.80       6.90       0.00       0.90       1.60       1.50       2.10       0.60       1.90       1.90       2.20
      0.00      12.90       0.00       0.00       1.60       0.00       0.60       1.20       0.60       3.60       2.30       6.00      12.40       9.70       0.90       2.50       0.60       1.30       0.60       2.20       1.20       1.50       1.50       1.80
